0.0	-75.58923339956797	6.219506575042277	1490.0
0.00029008010918291766	-75.58895549610025	6.219423411754855	1496.0
0.0005801602183658353	-75.58867759263254	6.219340248467433	1508.0
0.000870240327548753	-75.58839968916483	6.219257085180011	1512.0
0.0011603204367316706	-75.58812178569711	6.219173921892589	1505.0
0.0014504005459145884	-75.5878438822294	6.219090758605168	1496.0
0.001740480655097506	-75.58756597876167	6.219007595317745	1491.0
0.0020305607642804235	-75.58728807529396	6.218924432030323	1494.0
0.0023206408734633413	-75.58701017182624	6.218841268742901	1494.0
0.002610720982646259	-75.58673226835853	6.218758105455479	1494.0
0.002900801091829177	-75.58645436489081	6.218674942168057	1490.0
0.003190881201012094	-75.5861764614231	6.2185917788806355	1488.0
0.003480961310195012	-75.58589855795537	6.218508615593214	1493.0
0.0037710414193779297	-75.58562065448766	6.218425452305792	1494.0
0.004061121528560847	-75.58534275101995	6.21834228901837	1494.0
0.004351201637743765	-75.58506484755223	6.218259125730948	1495.0
0.0046412817469266825	-75.58478694408451	6.218175962443525	1494.0
0.0049313618561096	-75.5845090406168	6.2180927991561035	1491.0
0.005221441965292518	-75.58423113714908	6.218009635868682	1491.0
0.005511522074475436	-75.58395323368137	6.21792647258126	1492.0
0.005801602183658354	-75.58367533021365	6.217843309293838	1495.0
0.0060916822928412705	-75.58339742674593	6.217760146006416	1495.0
0.006381762402024188	-75.58311952327821	6.217676982718994	1492.0
0.006671842511207106	-75.5828416198105	6.217593819431572	1490.0
0.006961922620390024	-75.58256371634278	6.21751065614415	1492.0
0.007252002729572942	-75.58228581287507	6.217427492856729	1498.0
0.007542082838755859	-75.58200790940735	6.217344329569306	1494.0
0.007832162947938776	-75.58173000593963	6.217261166281884	1493.0
0.008122243057121694	-75.58145210247191	6.217178002994462	1488.0
0.008412323166304612	-75.5811741990042	6.21709483970704	1482.0
0.00870240327548753	-75.58089629553649	6.217011676419618	1484.0
0.008992483384670447	-75.58061839206877	6.2169285131321965	1488.0
0.009282563493853365	-75.58034048860105	6.216845349844775	1492.0
0.009572643603036283	-75.58006258513333	6.216762186557353	1495.0
0.0098627237122192	-75.57978468166561	6.216679023269931	1492.0
0.010152803821402118	-75.5795067781979	6.216595859982509	1490.0
0.010442883930585036	-75.57922887473019	6.216512696695086	1494.0
0.010732964039767954	-75.57895097126247	6.2164295334076645	1494.0
0.011023044148950872	-75.57867306779475	6.216346370120243	1494.0
0.01131312425813379	-75.57839516432703	6.216263206832821	1493.0
0.011603204367316707	-75.57811726085932	6.216180043545399	1490.0
0.011893284476499623	-75.57783935739161	6.216096880257977	1487.0
0.012183364585682541	-75.57756145392389	6.216013716970555	1485.0
0.012473444694865459	-75.57728355045617	6.215930553683133	1488.0
0.012763524804048377	-75.57700564698845	6.215847390395711	1491.0
0.013053604913231294	-75.57672774352073	6.21576422710829	1490.0
0.013343685022414212	-75.57644984005303	6.215681063820867	1492.0
0.01363376513159713	-75.57617193658531	6.215597900533445	1489.0
0.013923845240780048	-75.57589403311759	6.215514737246023	1489.0
0.014213925349962965	-75.57561612964987	6.215431573958601	1492.0
0.014504005459145883	-75.57533822618215	6.215348410671179	1495.0
0.014794085568328801	-75.57506032271444	6.2152652473837575	1493.0
0.015084165677511719	-75.57478241924673	6.215182084096336	1493.0
0.015374245786694636	-75.57450451577901	6.215098920808914	1491.0
0.015664325895877552	-75.57422661231129	6.215015757521492	1497.0
0.01595440600506047	-75.57394870884357	6.21493259423407	1500.0
0.016244486114243388	-75.57367080537585	6.214849430946648	1507.0
0.016534566223426306	-75.57339290190815	6.2147662676592255	1509.0
0.016824646332609224	-75.57311499844043	6.214683104371804	1515.0
0.01711472644179214	-75.57283709497271	6.214599941084382	1510.0
0.01740480655097506	-75.572559191505	6.21451677779696	1506.0
0.017694886660157977	-75.57228128803727	6.214433614509538	1507.0
0.017984966769340895	-75.57200338456957	6.214350451222116	1514.0
0.018275046878523812	-75.57172548110185	6.214267287934694	1518.0
0.01856512698770673	-75.57144757763413	6.214184124647272	1522.0
0.018855207096889648	-75.57116967416641	6.214100961359851	1522.0
0.019145287206072566	-75.5708917706987	6.214017798072429	1519.0
0.019435367315255483	-75.57061386723097	6.213934634785006	1524.0
0.0197254474244384	-75.57033596376327	6.213851471497584	1527.0
0.02001552753362132	-75.57005806029555	6.213768308210162	1533.0
0.020305607642804237	-75.56978015682783	6.21368514492274	1540.0
0.020595687751987155	-75.56950225336011	6.2136019816353185	1544.0
0.020885767861170072	-75.5692243498924	6.213518818347897	1550.0
0.02117584797035299	-75.56894644642469	6.213435655060475	1550.0
0.021465928079535908	-75.56866854295697	6.213352491773053	1552.0
0.021756008188718826	-75.56839063948925	6.213269328485631	1555.0
0.022046088297901743	-75.56811273602153	6.213186165198209	1554.0
0.02233616840708466	-75.56783483255381	6.2131030019107865	1565.0
0.02262624851626758	-75.5675569290861	6.213019838623365	1589.0
0.022916328625450497	-75.56727902561839	6.212936675335943	1604.0
0.023206408734633414	-75.56700112215067	6.212853512048521	1600.0
0.02349648884381633	-75.56672321868295	6.212770348761099	1583.0
0.023786568952999246	-75.56644531521523	6.212687185473677	1584.0
0.024076649062182164	-75.56616741174751	6.212604022186255	1585.0
0.024366729171365082	-75.56588950827981	6.212520858898833	1589.0
0.024656809280548	-75.56561160481209	6.212437695611412	1594.0
0.024946889389730918	-75.56533370134437	6.21235453232399	1590.0
0.025236969498913835	-75.56505579787665	6.212271369036567	1584.0
0.025527049608096753	-75.56477789440893	6.212188205749145	1583.0
0.02581712971727967	-75.56449999094123	6.212105042461723	1585.0
0.02610720982646259	-75.56422208747351	6.212021879174301	1586.0
0.026397289935645506	-75.56394418400579	6.2119387158868795	1585.0
0.026687370044828424	-75.56366628053807	6.211855552599458	1589.0
0.026977450154011342	-75.56338837707035	6.211772389312036	1597.0
0.02726753026319426	-75.56311047360263	6.211689226024614	1597.0
0.027557610372377177	-75.56283257013493	6.211606062737192	1599.0
0.027847690481560095	-75.56255466666721	6.21152289944977	1606.0
0.028137770590743013	-75.56227676319949	6.2114397361623475	1615.0
0.02842785069992593	-75.56199885973177	6.211356572874926	1620.0
0.02871793080910885	-75.56172095626405	6.211273409587504	1625.0
0.029008010918291766	-75.56144305279635	6.211190246300082	1618.0
0.029298091027474684	-75.56116514932863	6.21110708301266	1623.0
0.029588171136657602	-75.56088724586091	6.211023919725238	1630.0
0.02987825124584052	-75.56060934239319	6.210940756437816	1635.0
0.030168331355023437	-75.56033143892547	6.210857593150394	1637.0
0.030458411464206355	-75.56005353545775	6.210774429862973	1639.0
0.030748491573389273	-75.55977563199005	6.210691266575551	1646.0
0.03103857168257219	-75.55949772852233	6.210608103288129	1648.0
0.031328651791755105	-75.55921982505461	6.210524940000706	1650.0
0.03161873190093802	-75.5589419215869	6.210441776713284	1656.0
0.03190881201012094	-75.55866401811917	6.210358613425862	1658.0
0.03219889211930386	-75.55838611465147	6.2102754501384405	1662.0
0.032488972228486776	-75.55810821118375	6.210192286851019	1668.0
0.032779052337669694	-75.55783030771603	6.210109123563597	1673.0
0.03306913244685261	-75.55755240424831	6.210025960276175	1677.0
0.03335921255603553	-75.5572745007806	6.209942796988753	1676.0
0.03364929266521845	-75.55699659731289	6.209859633701331	1681.0
0.033939372774401365	-75.55671869384517	6.209776470413909	1687.0
0.03422945288358428	-75.55644079037745	6.209693307126487	1694.0
0.0345195329927672	-75.55616288690973	6.209610143839065	1705.0
0.03480961310195012	-75.55588498344201	6.209526980551643	1714.0
0.035099693211133036	-75.5556070799743	6.209443817264221	1714.0
0.035389773320315954	-75.55532917650659	6.209360653976799	1715.0
0.03567985342949887	-75.55505127303887	6.209277490689377	1719.0
0.03596993353868179	-75.55477336957115	6.209194327401955	1719.0
0.03626001364786471	-75.55449546610343	6.209111164114534	1724.0
0.036550093757047625	-75.55421756263571	6.209028000827112	1730.0
0.03684017386623054	-75.55393965916801	6.20894483753969	1735.0
0.03713025397541346	-75.55366175570029	6.208861674252267	1739.0
0.03742033408459638	-75.55338385223257	6.208778510964845	1744.0
0.037710414193779296	-75.55310594876485	6.208695347677423	1748.0
0.038000494302962214	-75.55282804529713	6.2086121843900015	1753.0
0.03829057441214513	-75.55255014182941	6.20852902110258	1765.0
0.03858065452132805	-75.55227223836171	6.208445857815158	1771.0
0.03887073463051097	-75.55199433489399	6.208362694527736	1777.0
0.039160814739693885	-75.55171643142627	6.208279531240314	1784.0
0.0394508948488768	-75.55143852795855	6.208196367952892	1785.0
0.03974097495805972	-75.55116062449083	6.20811320466547	1781.0
0.04003105506724264	-75.55088272102313	6.208030041378048	1790.0
0.040321135176425556	-75.55060481755541	6.207946878090626	1797.0
0.040611215285608473	-75.55032691408769	6.207863714803204	1800.0
0.04090129539479139	-75.55004901061997	6.207780551515782	1804.0
0.04119137550397431	-75.54977110715225	6.20769738822836	1813.0
0.04148145561315723	-75.54949320368455	6.207614224940938	1821.0
0.041771535722340145	-75.54921530021683	6.207531061653516	1828.0
0.04206161583152306	-75.54893739674911	6.207447898366095	1835.0
0.04235169594070598	-75.54865949328139	6.207364735078673	1839.0
0.0426417760498889	-75.54838158981367	6.207281571791251	1844.0
0.042931856159071816	-75.54810368634595	6.207198408503829	1861.0
0.04322193626825473	-75.54782578287825	6.207115245216406	1860.0
0.04351201637743765	-75.54754787941053	6.207032081928984	1864.0
0.04380209648662057	-75.54726997594281	6.2069489186415625	1877.0
0.04409217659580349	-75.54699207247509	6.206865755354141	1887.0
0.044382256704986404	-75.54671416900737	6.206782592066719	1893.0
0.04467233681416932	-75.54643626553967	6.206699428779297	1903.0
0.04496241692335224	-75.54615836207195	6.206616265491875	1912.0
0.04525249703253516	-75.54588045860423	6.206533102204453	1926.0
0.045542577141718076	-75.54560255513651	6.206449938917031	1926.0
0.04583265725090099	-75.54532465166879	6.2063667756296095	1933.0
0.04612273736008391	-75.54504674820109	6.206283612342187	1941.0
0.04641281746926683	-75.54476884473337	6.206200449054765	1953.0
0.04670289757844974	-75.54449094126565	6.206117285767343	1959.0
0.04699297768763266	-75.54421303779793	6.206034122479921	1963.0
0.047283057796815575	-75.54393513433021	6.205950959192499	1967.0
0.04757313790599849	-75.5436572308625	6.205867795905077	1978.0
0.04786321801518141	-75.54337932739479	6.205784632617656	1991.0
0.04815329812436433	-75.54310142392707	6.205701469330234	2006.0
0.048443378233547246	-75.54282352045935	6.205618306042812	2022.0
0.048733458342730164	-75.54254561699163	6.20553514275539	2034.0
0.04902353845191308	-75.54226771352391	6.205451979467967	2056.0
0.049313618561096	-75.54198981005621	6.205368816180545	2075.0
0.04960369867027892	-75.54171190658849	6.2052856528931235	2085.0
0.049893778779461835	-75.54143400312077	6.205202489605702	2102.0
0.05018385888864475	-75.54115609965305	6.20511932631828	2105.0
0.05047393899782767	-75.54087819618533	6.205036163030858	2113.0
0.05076401910701059	-75.54060029271761	6.204952999743436	2122.0
0.051054099216193506	-75.54032238924991	6.204869836456014	2135.0
0.051344179325376424	-75.54004448578219	6.204786673168592	2161.0
0.05163425943455934	-75.53976658231447	6.2047035098811705	2179.0
0.05192433954374226	-75.53948867884675	6.204620346593748	2188.0
0.05221441965292518	-75.53921077537903	6.204537183306326	2220.0
0.052504499762108095	-75.53893287191133	6.204454020018904	2243.0
0.05279457987129101	-75.53865496844361	6.204370856731482	2258.0
0.05308465998047393	-75.53837706497589	6.20428769344406	2281.0
0.05337474008965685	-75.53809916150817	6.204204530156638	2300.0
0.053664820198839766	-75.53782125804045	6.204121366869217	2319.0
0.053954900308022684	-75.53754335457275	6.204038203581795	2333.0
0.0542449804172056	-75.53726545110503	6.203955040294373	2361.0
0.05453506052638852	-75.53698754763731	6.203871877006951	2358.0
0.05482514063557144	-75.53670964416959	6.203788713719528	2374.0
0.055115220744754355	-75.53643174070187	6.203705550432106	2404.0
0.05540530085393727	-75.53615383723415	6.2036223871446845	2415.0
0.05569538096312019	-75.53587593376645	6.203539223857263	2418.0
0.05598546107230311	-75.53559803029873	6.203456060569841	2450.0
0.056275541181486026	-75.53532012683101	6.203372897282419	2461.0
0.056565621290668944	-75.53504222336329	6.203289733994997	2474.0
0.05685570139985186	-75.53476431989557	6.203206570707575	2480.0
0.05714578150903478	-75.53448641642787	6.203123407420153	2506.0
0.0574358616182177	-75.53420851296015	6.2030402441327315	2514.0
0.057725941727400615	-75.53393060949243	6.20295708084531	2523.0
0.05801602183658353	-75.53365270602471	6.202873917557887	2544.0
0.05830610194576645	-75.53337480255699	6.202790754270465	2553.0
0.05859618205494937	-75.53309689908927	6.202707590983043	2569.0
0.058886262164132286	-75.53281899562157	6.202624427695621	2601.0
0.059176342273315204	-75.53254109215385	6.202541264408199	2616.0
0.05946642238249812	-75.53226318868613	6.202458101120778	2629.0
0.05975650249168104	-75.53198528521841	6.202374937833356	2636.0
0.06004658260086396	-75.53170738175069	6.202291774545934	2648.0
0.060336662710046875	-75.53142947828299	6.202208611258512	2660.0
0.06062674281922979	-75.53115157481527	6.20212544797109	2663.0
0.06091682292841271	-75.53087367134755	6.202042284683667	2661.0
0.06120690303759563	-75.53059576787983	6.2019591213962455	2656.0
0.061496983146778546	-75.53031786441211	6.201875958108824	2655.0
0.061787063255961464	-75.5300399609444	6.201792794821402	2669.0
0.06207714336514438	-75.52976205747669	6.20170963153398	2677.0
0.0623672234743273	-75.52948415400897	6.201626468246558	2684.0
0.06265730358351021	-75.52920625054125	6.201543304959136	2687.0
0.06294738369269313	-75.52892834707353	6.201460141671714	2698.0
0.06323746380187605	-75.52865044360581	6.2013769783842925	2707.0
0.06352754391105897	-75.52837254013811	6.201293815096871	2711.0
0.06381762402024188	-75.52809463667039	6.201210651809448	2718.0
0.0641077041294248	-75.52781673320267	6.201127488522026	2723.0
0.06439778423860772	-75.52753882973495	6.201044325234604	2722.0
0.06468786434779064	-75.52726092626723	6.200961161947182	2726.0
0.06497794445697355	-75.52698302279953	6.20087799865976	2723.0
0.06526802456615648	-75.52670511933181	6.2007948353723386	2725.0
0.06555810467533939	-75.52642721586409	6.200711672084917	2733.0
0.06584818478452231	-75.52614931239637	6.200628508797495	2738.0
0.06613826489370522	-75.52587140892865	6.200545345510073	2732.0
0.06642834500288815	-75.52559350546093	6.200462182222651	2719.0
0.06671842511207106	-75.52531560199323	6.200379018935228	2715.0
0.06700850522125398	-75.52503769852551	6.2002958556478065	2704.0
0.0672985853304369	-75.52475979505779	6.200212692360385	2704.0
0.06758866543961982	-75.52448189159007	6.200129529072963	2717.0
0.06787874554880273	-75.52420398812235	6.200046365785541	2710.0
0.06816882565798565	-75.52392608465465	6.199963202498119	2696.0
0.06845890576716857	-75.52364818118693	6.199880039210697	2691.0
0.06874898587635149	-75.52337027771921	6.199796875923275	2686.0
0.0690390659855344	-75.52309237425149	6.1997137126358535	2691.0
0.06932914609471733	-75.52281447078377	6.199630549348432	2695.0
0.06961922620390024	-75.52253656731607	6.199547386061009	2697.0
0.06990930631308316	-75.52225866384835	6.199464222773587	2693.0
0.07019938642226607	-75.52198076038063	6.199381059486165	2689.0
0.070489466531449	-75.52170285691291	6.199297896198743	2692.0
0.07077954664063191	-75.52142495344519	6.199214732911321	2688.0
0.07106962674981483	-75.52114704997747	6.1991315696238996	2687.0
0.07135970685899774	-75.52086914650977	6.199048406336478	2683.0
0.07164978696818067	-75.52059124304205	6.198965243049056	2683.0
0.07193986707736358	-75.52031333957433	6.198882079761634	2680.0
0.0722299471865465	-75.52003543610661	6.198798916474212	2682.0
0.07252002729572941	-75.51975753263889	6.19871575318679	2685.0
0.07281010740491234	-75.51947962917119	6.1986325898993675	2683.0
0.07310018751409525	-75.51920172570347	6.198549426611946	2683.0
0.07339026762327817	-75.51892382223575	6.198466263324524	2686.0
0.07368034773246109	-75.51864591876803	6.198383100037102	2683.0
0.07397042784164401	-75.51836801530031	6.19829993674968	2680.0
0.07426050795082692	-75.5180901118326	6.198216773462258	2681.0
0.07455058806000983	-75.51781220836489	6.198133610174836	2688.0
0.07484066816919276	-75.51753430489717	6.1980504468874145	2692.0
0.07513074827837567	-75.51725640142945	6.197967283599993	2694.0
0.07542082838755859	-75.51697849796173	6.197884120312571	2695.0
0.0757109084967415	-75.51670059449401	6.197800957025148	2697.0
0.07600098860592443	-75.5164226910263	6.197717793737726	2697.0
0.07629106871510734	-75.51614478755859	6.197634630450304	2699.0
0.07658114882429026	-75.51586688409087	6.197551467162882	2703.0
0.07687122893347317	-75.51558898062315	6.1974683038754605	2699.0
0.0771613090426561	-75.51531107715543	6.197385140588039	2689.0
0.07745138915183901	-75.51503317368773	6.197301977300617	2696.0
0.07774146926102193	-75.51475527022001	6.197218814013195	2698.0
0.07803154937020484	-75.51447736675229	6.197135650725773	2696.0
0.07832162947938777	-75.51419946328457	6.197052487438351	2693.0
0.07861170958857068	-75.51392155981685	6.1969693241509285	2692.0
0.0789017896977536	-75.51364365634913	6.196886160863507	2692.0
0.07919186980693652	-75.51336575288143	6.196802997576085	2695.0
0.07948194991611944	-75.51308784941371	6.196719834288663	2689.0
0.07977203002530235	-75.51280994594599	6.196636671001241	2688.0
0.08006211013448528	-75.51253204247827	6.196553507713819	2690.0
0.08035219024366819	-75.51225413901055	6.196470344426397	2689.0
0.08064227035285111	-75.51197623554285	6.1963871811389755	2692.0
0.08093235046203402	-75.51169833207513	6.196304017851554	2692.0
0.08122243057121695	-75.51142042860741	6.196220854564132	2695.0
0.08151251068039986	-75.51114252513969	6.196137691276709	2694.0
0.08180259078958278	-75.51086462167197	6.196054527989287	2695.0
0.0820926708987657	-75.51058671820427	6.195971364701865	2695.0
0.08238275100794862	-75.51030881473655	6.195888201414443	2696.0
0.08267283111713153	-75.51003091126883	6.1958050381270215	2703.0
0.08296291122631445	-75.50975300780111	6.1957218748396	2708.0
0.08325299133549736	-75.50947510433339	6.195638711552178	2705.0
0.08354307144468029	-75.50919720086567	6.195555548264756	2706.0
0.0838331515538632	-75.50891929739797	6.195472384977334	2715.0
0.08412323166304612	-75.50864139393025	6.195389221689912	2723.0
0.08441331177222904	-75.50836349046253	6.19530605840249	2726.0
0.08470339188141196	-75.50808558699481	6.195222895115068	2729.0
0.08499347199059487	-75.50780768352709	6.195139731827646	2726.0
0.0852835520997778	-75.50752978005939	6.195056568540224	2721.0
0.0855736322089607	-75.50725187659167	6.194973405252802	2717.0
0.08586371231814363	-75.50697397312395	6.19489024196538	2710.0
0.08615379242732654	-75.50669606965623	6.194807078677958	2709.0
0.08644387253650947	-75.50641816618851	6.1947239153905365	2701.0
0.08673395264569238	-75.50614026272079	6.194640752103115	2687.0
0.0870240327548753	-75.50586235925309	6.194557588815693	2674.0
0.08731411286405821	-75.50558445578537	6.194474425528271	2663.0
0.08760419297324114	-75.50530655231765	6.194391262240848	2656.0
0.08789427308242405	-75.50502864884993	6.194308098953426	2644.0
0.08818435319160697	-75.50475074538221	6.194224935666004	2636.0
0.08847443330078988	-75.5044728419145	6.1941417723785825	2625.0
0.08876451340997281	-75.50419493844679	6.194058609091161	2618.0
0.08905459351915572	-75.50391703497907	6.193975445803739	2611.0
0.08934467362833864	-75.50363913151135	6.193892282516317	2603.0
0.08963475373752156	-75.50336122804363	6.193809119228895	2601.0
0.08992483384670448	-75.50308332457593	6.193725955941473	2604.0
0.09021491395588739	-75.5028054211082	6.193642792654051	2604.0
0.09050499406507032	-75.50252751764049	6.193559629366629	2601.0
0.09079507417425323	-75.50224961417277	6.193476466079207	2594.0
0.09108515428343615	-75.50197171070505	6.193393302791785	2596.0
0.09137523439261906	-75.50169380723733	6.193310139504363	2597.0
0.09166531450180199	-75.50141590376963	6.193226976216941	2596.0
0.0919553946109849	-75.5011380003019	6.193143812929519	2594.0
0.09224547472016782	-75.50086009683419	6.1930606496420975	2592.0
0.09253555482935073	-75.50058219336647	6.192977486354676	2594.0
0.09282563493853366	-75.50030428989875	6.192894323067254	2606.0
0.09311571504771657	-75.50002638643105	6.192811159779832	2608.0
0.09340579515689948	-75.49974848296333	6.192727996492409	2608.0
0.0936958752660824	-75.49947057949561	6.192644833204987	2611.0
0.09398595537526531	-75.49919267602789	6.192561669917565	2621.0
0.09427603548444824	-75.49891477256017	6.1924785066301435	2620.0
0.09456611559363115	-75.49863686909245	6.192395343342722	2627.0
0.09485619570281408	-75.49835896562475	6.1923121800553	2642.0
0.09514627581199699	-75.49808106215703	6.192229016767878	2651.0
0.09543635592117991	-75.49780315868931	6.192145853480456	2658.0
0.09572643603036282	-75.49752525522159	6.192062690193034	2669.0
0.09601651613954575	-75.49724735175387	6.191979526905612	2668.0
0.09630659624872866	-75.49696944828617	6.19189636361819	2664.0
0.09659667635791158	-75.49669154481845	6.191813200330768	2658.0
0.09688675646709449	-75.49641364135073	6.191730037043346	2643.0
0.09717683657627742	-75.49613573788301	6.191646873755924	2641.0
0.09746691668546033	-75.49585783441529	6.191563710468502	2631.0
0.09775699679464325	-75.49557993094759	6.19148054718108	2620.0
0.09804707690382616	-75.49530202747987	6.1913973838936585	2619.0
0.09833715701300909	-75.49502412401215	6.191314220606237	2619.0
0.098627237122192	-75.49474622054443	6.191231057318815	2614.0
0.09891731723137492	-75.49446831707671	6.191147894031393	2611.0
0.09920739734055783	-75.49419041360899	6.191064730743971	2613.0
0.09949747744974076	-75.49391251014129	6.190981567456548	2608.0
0.09978755755892367	-75.49363460667357	6.190898404169126	2606.0
0.1000776376681066	-75.49335670320585	6.1908152408817045	2605.0
0.1003677177772895	-75.49307879973813	6.190732077594283	2600.0
0.10065779788647243	-75.49280089627041	6.190648914306861	2599.0
0.10094787799565534	-75.4925229928027	6.190565751019439	2597.0
0.10123795810483827	-75.49224508933499	6.190482587732017	2595.0
0.10152803821402118	-75.49196718586727	6.190399424444595	2592.0
0.1018181183232041	-75.49168928239955	6.190316261157173	2591.0
0.10210819843238701	-75.49141137893183	6.1902330978697515	2592.0
0.10239827854156994	-75.49113347546412	6.190149934582329	2588.0
0.10268835865075285	-75.4908555719964	6.190066771294907	2582.0
0.10297843875993577	-75.49057766852869	6.189983608007485	2581.0
0.10326851886911868	-75.49029976506097	6.189900444720063	2578.0
0.10355859897830161	-75.49002186159325	6.189817281432641	2574.0
0.10384867908748452	-75.48974395812553	6.1897341181452195	2574.0
0.10413875919666744	-75.48946605465783	6.189650954857798	2581.0
0.10442883930585035	-75.4891881511901	6.189567791570376	2585.0
0.10471891941503328	-75.48891024772239	6.189484628282954	2594.0
0.10500899952421619	-75.48863234425467	6.189401464995532	2598.0
0.10529907963339911	-75.48835444078695	6.189318301708109	2599.0
0.10558915974258203	-75.48807653731924	6.189235138420687	2596.0
0.10587923985176495	-75.48779863385153	6.1891519751332655	2601.0
0.10616931996094786	-75.4875207303838	6.189068811845844	2605.0
0.10645940007013079	-75.48724282691609	6.188985648558422	2609.0
0.1067494801793137	-75.48696492344837	6.188902485271	2614.0
0.10703956028849662	-75.48668701998065	6.188819321983578	2621.0
0.10732964039767953	-75.48640911651295	6.188736158696156	2624.0
0.10761972050686246	-75.48613121304523	6.188652995408734	2628.0
0.10790980061604537	-75.48585330957751	6.1885698321213125	2635.0
0.10819988072522829	-75.48557540610979	6.18848666883389	2644.0
0.1084899608344112	-75.48529750264207	6.188403505546468	2647.0
0.10878004094359413	-75.48501959917436	6.188320342259046	2659.0
0.10907012105277704	-75.48474169570665	6.188237178971624	2667.0
0.10936020116195996	-75.48446379223893	6.188154015684202	2674.0
0.10965028127114287	-75.48418588877121	6.1880708523967805	2676.0
0.1099403613803258	-75.48390798530349	6.187987689109359	2671.0
0.11023044148950871	-75.48363008183578	6.187904525821937	2663.0
0.11052052159869163	-75.48335217836807	6.187821362534515	2658.0
0.11081060170787455	-75.48307427490035	6.187738199247093	2649.0
0.11110068181705747	-75.48279637143263	6.18765503595967	2640.0
0.11139076192624038	-75.48251846796491	6.187571872672248	2647.0
0.11168084203542329	-75.48224056449719	6.1874887093848265	2640.0
0.11197092214460622	-75.48196266102948	6.187405546097405	2621.0
0.11226100225378913	-75.48168475756177	6.187322382809983	2596.0
0.11255108236297205	-75.48140685409405	6.187239219522561	2578.0
0.11284116247215496	-75.48112895062633	6.187156056235139	2575.0
0.11313124258133789	-75.48085104715861	6.187072892947717	2561.0
0.1134213226905208	-75.4805731436909	6.186989729660295	2540.0
0.11371140279970372	-75.48029524022319	6.1869065663728735	2524.0
0.11400148290888663	-75.48001733675547	6.186823403085452	2514.0
0.11429156301806956	-75.47973943328775	6.186740239798029	2517.0
0.11458164312725247	-75.47946152982003	6.186657076510607	2510.0
0.1148717232364354	-75.47918362635231	6.186573913223185	2501.0
0.1151618033456183	-75.4789057228846	6.186490749935763	2495.0
0.11545188345480123	-75.47862781941689	6.1864075866483415	2492.0
0.11574196356398414	-75.47834991594917	6.18632442336092	2426.0
0.11603204367316707	-75.47807201248145	6.186241260073498	2445.0
0.11632212378234998	-75.47779410901373	6.186158096786076	2441.0
0.1166122038915329	-75.47751620554602	6.186074933498654	2444.0
0.11690228400071581	-75.4772383020783	6.185991770211232	2433.0
0.11719236410989874	-75.47696039861059	6.185908606923809	2430.0
0.11748244421908165	-75.47668249514287	6.1858254436363875	2423.0
0.11777252432826457	-75.47640459167515	6.185742280348966	2415.0
0.11806260443744748	-75.47612668820744	6.185659117061544	2407.0
0.11835268454663041	-75.47584878473972	6.185575953774122	2395.0
0.11864276465581332	-75.475570881272	6.1854927904867	2386.0
0.11893284476499624	-75.47529297780429	6.185409627199278	2373.0
0.11922292487417915	-75.47501507433657	6.185326463911856	2363.0
0.11951300498336208	-75.47473717086885	6.1852433006244345	2357.0
0.11980308509254499	-75.47445926740114	6.185160137337013	2346.0
0.12009316520172791	-75.47418136393343	6.18507697404959	2344.0
0.12038324531091082	-75.4739034604657	6.184993810762168	2342.0
0.12067332542009375	-75.47362555699799	6.184910647474746	2337.0
0.12096340552927666	-75.47334765353027	6.184827484187324	2331.0
0.12125348563845958	-75.47306975006256	6.1847443208999024	2323.0
0.1215435657476425	-75.47279184659484	6.184661157612481	2328.0
0.12183364585682542	-75.47251394312713	6.184577994325059	2312.0
0.12212372596600833	-75.4722360396594	6.184494831037637	2304.0
0.12241380607519126	-75.47195813619169	6.184411667750215	2304.0
0.12270388618437417	-75.47168023272397	6.184328504462793	2302.0
0.12299396629355709	-75.47140232925626	6.18424534117537	2298.0
0.12328404640274	-75.47112442578855	6.1841621778879485	2295.0
0.12357412651192293	-75.47084652232083	6.184079014600527	2297.0
0.12386420662110584	-75.47056861885311	6.183995851313105	2306.0
0.12415428673028876	-75.47029071538539	6.183912688025683	2315.0
0.12444436683947167	-75.47001281191768	6.183829524738261	2323.0
0.1247344469486546	-75.46973490844996	6.183746361450839	2321.0
0.1250245270578375	-75.46945700498225	6.183663198163417	2314.0
0.12531460716702042	-75.46917910151453	6.1835800348759955	2306.0
0.12560468727620336	-75.46890119804681	6.183496871588574	2285.0
0.12589476738538627	-75.4686232945791	6.183413708301151	2276.0
0.12618484749456918	-75.46834539111138	6.183330545013729	2270.0
0.1264749276037521	-75.46806748764367	6.183247381726307	2273.0
0.12676500771293503	-75.46778958417595	6.183164218438885	2271.0
0.12705508782211794	-75.46751168070823	6.1830810551514634	2273.0
0.12734516793130085	-75.46723377724051	6.182997891864042	2277.0
0.12763524804048376	-75.4669558737728	6.18291472857662	2280.0
0.1279253281496667	-75.46667797030508	6.182831565289198	2292.0
0.1282154082588496	-75.46640006683737	6.182748402001776	2301.0
0.12850548836803252	-75.46612216336965	6.182665238714354	2315.0
0.12879556847721543	-75.46584425990193	6.182582075426932	2325.0
0.12908564858639837	-75.46556635643422	6.1824989121395095	2331.0
0.12937572869558128	-75.4652884529665	6.182415748852088	2343.0
0.1296658088047642	-75.46501054949879	6.182332585564666	2344.0
0.1299558889139471	-75.46473264603107	6.182249422277244	2346.0
0.13024596902313001	-75.46445474256335	6.182166258989822	2348.0
0.13053604913231295	-75.46417683909564	6.1820830957024	2357.0
0.13082612924149586	-75.46389893562792	6.181999932414978	2368.0
0.13111620935067878	-75.4636210321602	6.1819167691275565	2379.0
0.13140628945986169	-75.46334312869249	6.181833605840135	2386.0
0.13169636956904462	-75.46306522522477	6.181750442552713	2388.0
0.13198644967822754	-75.46278732175705	6.18166727926529	2393.0
0.13227652978741045	-75.46250941828934	6.181584115977868	2399.0
0.13256660989659336	-75.46223151482162	6.181500952690446	2395.0
0.1328566900057763	-75.4619536113539	6.181417789403024	2402.0
0.1331467701149592	-75.46167570788619	6.181334626115603	2406.0
0.13343685022414212	-75.46139780441847	6.181251462828181	2399.0
0.13372693033332503	-75.46111990095076	6.181168299540759	2385.0
0.13401701044250797	-75.46084199748304	6.181085136253337	2375.0
0.13430709055169088	-75.46056409401533	6.181001972965915	2358.0
0.1345971706608738	-75.4602861905476	6.180918809678493	2351.0
0.1348872507700567	-75.46000828707989	6.1808356463910705	2343.0
0.13517733087923964	-75.45973038361217	6.180752483103649	2334.0
0.13546741098842255	-75.45945248014446	6.180669319816227	2333.0
0.13575749109760546	-75.45917457667674	6.180586156528805	2326.0
0.13604757120678837	-75.45889667320903	6.180502993241383	2318.0
0.1363376513159713	-75.4586187697413	6.180419829953961	2309.0
0.13662773142515422	-75.45834086627359	6.180336666666539	2298.0
0.13691781153433713	-75.45806296280588	6.1802535033791175	2298.0
0.13720789164352004	-75.45778505933816	6.180170340091696	2296.0
0.13749797175270298	-75.45750715587045	6.180087176804274	2294.0
0.1377880518618859	-75.45722925240273	6.180004013516851	2282.0
0.1380781319710688	-75.45695134893501	6.179920850229429	2277.0
0.1383682120802517	-75.4566734454673	6.179837686942007	2263.0
0.13865829218943465	-75.45639554199958	6.179754523654585	2257.0
0.13894837229861756	-75.45611763853186	6.179671360367164	2254.0
0.13923845240780047	-75.45583973506415	6.179588197079742	2250.0
0.13952853251698338	-75.45556183159643	6.17950503379232	2239.0
0.13981861262616632	-75.45528392812871	6.179421870504898	2228.0
0.14010869273534923	-75.455006024661	6.179338707217476	2224.0
0.14039877284453214	-75.45472812119328	6.179255543930054	2234.0
0.14068885295371505	-75.45445021772557	6.1791723806426315	2232.0
0.140978933062898	-75.45417231425785	6.17908921735521	2226.0
0.1412690131720809	-75.45389441079013	6.179006054067788	2225.0
0.14155909328126381	-75.45361650732242	6.178922890780366	2222.0
0.14184917339044673	-75.4533386038547	6.178839727492944	2210.0
0.14213925349962966	-75.45306070038698	6.178756564205522	2197.0
0.14242933360881257	-75.45278279691927	6.1786734009181	2185.0
0.14271941371799549	-75.45250489345155	6.1785902376306785	2179.0
0.1430094938271784	-75.45222698998383	6.178507074343257	2177.0
0.14329957393636134	-75.45194908651612	6.178423911055835	2181.0
0.14358965404554425	-75.4516711830484	6.178340747768413	2181.0
0.14387973415472716	-75.45139327958069	6.17825758448099	2181.0
0.14416981426391007	-75.45111537611297	6.178174421193568	2179.0
0.144459894373093	-75.45083747264525	6.178091257906146	2179.0
0.14474997448227592	-75.45055956917754	6.178008094618725	2172.0
0.14504005459145883	-75.45028166570982	6.177924931331303	2168.0
0.14533013470064174	-75.4500037622421	6.177841768043881	2167.0
0.14562021480982468	-75.44972585877439	6.177758604756459	2167.0
0.1459102949190076	-75.44944795530667	6.177675441469037	2163.0
0.1462003750281905	-75.44917005183896	6.177592278181615	2161.0
0.1464904551373734	-75.44889214837124	6.177509114894193	2160.0
0.14678053524655635	-75.44861424490352	6.177425951606771	2166.0
0.14707061535573926	-75.4483363414358	6.177342788319349	2166.0
0.14736069546492217	-75.44805843796809	6.177259625031927	2170.0
0.14765077557410508	-75.44778053450037	6.177176461744505	2168.0
0.14794085568328802	-75.44750263103266	6.177093298457083	2166.0
0.14823093579247093	-75.44722472756494	6.177010135169661	2168.0
0.14852101590165384	-75.44694682409722	6.1769269718822395	2167.0
0.14881109601083675	-75.4466689206295	6.176843808594818	2169.0
0.14910117612001966	-75.44639101716179	6.176760645307396	2152.0
0.1493912562292026	-75.44611311369408	6.176677482019974	2152.0
0.1496813363383855	-75.44583521022636	6.176594318732551	2155.0
0.14997141644756842	-75.44555730675864	6.176511155445129	2147.0
0.15026149655675133	-75.44527940329093	6.176427992157707	2143.0
0.15055157666593427	-75.4450014998232	6.176344828870286	2147.0
0.15084165677511718	-75.44472359635549	6.176261665582864	2146.0
0.1511317368843001	-75.44444569288778	6.176178502295442	2144.0
0.151421816993483	-75.44416778942006	6.17609533900802	2140.0
0.15171189710266594	-75.44388988595234	6.176012175720598	2141.0
0.15200197721184885	-75.44361198248463	6.175929012433176	2143.0
0.15229205732103177	-75.4433340790169	6.175845849145754	2144.0
0.15258213743021468	-75.4430561755492	6.175762685858332	2142.0
0.15287221753939761	-75.44277827208148	6.17567952257091	2149.0
0.15316229764858053	-75.44250036861376	6.175596359283488	2154.0
0.15345237775776344	-75.44222246514605	6.175513195996066	2160.0
0.15374245786694635	-75.44194456167833	6.175430032708644	2156.0
0.15403253797612929	-75.44166665821062	6.175346869421222	2150.0
0.1543226180853122	-75.4413887547429	6.1752637061338005	2140.0
0.1546126981944951	-75.44111085127518	6.175180542846379	2135.0
0.15490277830367802	-75.44083294780746	6.175097379558957	2136.0
0.15519285841286096	-75.44055504433975	6.175014216271535	2133.0
0.15548293852204387	-75.44027714087203	6.174931052984113	2135.0
0.15577301863122678	-75.43999923740432	6.17484788969669	2137.0
0.1560630987404097	-75.4397213339366	6.174764726409268	2133.0
0.15635317884959263	-75.43944343046888	6.174681563121847	2132.0
0.15664325895877554	-75.43916552700117	6.174598399834425	2136.0
0.15693333906795845	-75.43888762353345	6.174515236547003	2132.0
0.15722341917714136	-75.43860972006574	6.174432073259581	2133.0
0.1575134992863243	-75.43833181659802	6.174348909972159	2134.0
0.1578035793955072	-75.4380539131303	6.174265746684737	2130.0
0.15809365950469012	-75.43777600966258	6.174182583397315	2135.0
0.15838373961387303	-75.43749810619487	6.1740994201098935	2141.0
0.15867381972305597	-75.43722020272716	6.174016256822471	2152.0
0.15896389983223888	-75.43694229925944	6.173933093535049	2159.0
0.1592539799414218	-75.43666439579172	6.173849930247627	2157.0
0.1595440600506047	-75.436386492324	6.173766766960205	2157.0
0.15983414015978764	-75.43610858885629	6.173683603672783	2155.0
0.16012422026897055	-75.43583068538857	6.1736004403853615	2152.0
0.16041430037815346	-75.43555278192086	6.17351727709794	2148.0
0.16070438048733637	-75.43527487845314	6.173434113810518	2152.0
0.1609944605965193	-75.43499697498542	6.173350950523096	2153.0
0.16128454070570222	-75.4347190715177	6.173267787235674	2160.0
0.16157462081488513	-75.43444116804999	6.173184623948251	2165.0
0.16186470092406804	-75.43416326458228	6.173101460660829	2164.0
0.16215478103325098	-75.43388536111456	6.173018297373408	2156.0
0.1624448611424339	-75.43360745764684	6.172935134085986	2145.0
0.1627349412516168	-75.43332955417912	6.172851970798564	2145.0
0.16302502136079972	-75.4330516507114	6.172768807511142	2140.0
0.16331510146998265	-75.43277374724369	6.17268564422372	2138.0
0.16360518157916557	-75.43249584377598	6.172602480936298	2140.0
0.16389526168834848	-75.43221794030826	6.172519317648876	2146.0
0.1641853417975314	-75.43194003684054	6.1724361543614545	2144.0
0.16447542190671433	-75.43166213337282	6.172352991074032	2143.0
0.16476550201589724	-75.4313842299051	6.17226982778661	2140.0
0.16505558212508015	-75.4311063264374	6.172186664499188	2134.0
0.16534566223426306	-75.43082842296968	6.172103501211766	2128.0
0.165635742343446	-75.43055051950196	6.172020337924344	2133.0
0.1659258224526289	-75.43027261603424	6.1719371746369225	2135.0
0.16621590256181182	-75.42999471256653	6.171854011349501	2131.0
0.16650598267099473	-75.42971680909882	6.171770848062079	2134.0
0.16679606278017767	-75.4294389056311	6.171687684774657	2134.0
0.16708614288936058	-75.42916100216338	6.171604521487235	2136.0
0.1673762229985435	-75.42888309869566	6.171521358199812	2138.0
0.1676663031077264	-75.42860519522795	6.17143819491239	2136.0
0.1679563832169093	-75.42832729176023	6.171355031624969	2136.0
0.16824646332609225	-75.42804938829252	6.171271868337547	2138.0
0.16853654343527516	-75.4277714848248	6.171188705050125	2142.0
0.16882662354445807	-75.42749358135708	6.171105541762703	2146.0
